profil = [
23.4923, 0;
23.5691, 0.00414779;
23.798, 0.0331172;
24.1745, 0.111405;
24.6911, 0.26286;
25.3375, 0.510369;
26.1007, 0.87555;
26.9648, 1.37846;
26.9535, 1.58381;
26.9407, 1.78907;
26.9263, 1.99423;
26.9103, 2.19927;
26.8927, 2.40418;
26.8737, 2.60896;
25.9214, 3.17662;
25.111, 3.41923;
24.434, 3.56366;
23.9002, 3.63329;
23.5161, 3.65233;
23.2855, 3.64551;
23.209, 3.63771;
22.7561, 3.70712;
22.3672, 3.9494;
22.1053, 4.32534;
22.0127, 4.77408;
22.1045, 5.22298;
22.3658, 5.59936;
22.7543, 5.8423;
22.7543, 5.8423;
22.8276, 5.86542;
23.0421, 5.9504;
23.3873, 6.11986;
23.85, 6.39504;
24.4146, 6.79553;
25.0629, 7.33901;
25.7748, 8.04102;
25.7128, 8.23712;
25.6493, 8.43274;
25.5844, 8.62786;
25.5179, 8.82249;
25.45, 9.01661;
25.3805, 9.2102;
24.3171, 9.52322;
23.4717, 9.55665;
22.7801, 9.52819;
22.2458, 9.46287;
21.869, 9.38581;
21.6473, 9.32184;
21.5751, 9.29526;
21.1192, 9.24985;
20.6823, 9.38781;
20.3351, 9.6868;
20.1339, 10.0984;
20.1111, 10.5561;
20.2706, 10.9856;
20.5865, 11.3175;
20.5865, 11.3175;
20.6518, 11.3581;
20.8384, 11.4938;
21.1306, 11.7438;
21.5104, 12.1254;
21.9576, 12.6537;
22.4504, 13.3413;
22.9653, 14.1983;
22.8565, 14.3729;
22.7464, 14.5465;
22.6349, 14.7194;
22.5222, 14.8914;
22.4081, 15.0625;
22.2927, 15.2327;
21.1848, 15.2714;
20.3577, 15.0936;
19.6949, 14.894;
19.1935, 14.6979;
18.8478, 14.5295;
18.649, 14.4124;
18.5857, 14.3688;
18.1554, 14.2114;
17.6979, 14.2364;
17.2872, 14.4396;
16.9899, 14.7883;
16.8541, 15.2259;
16.9018, 15.6816;
17.1252, 16.0816;
17.1252, 16.0816;
17.1783, 16.1372;
17.3253, 16.315;
17.5462, 16.6298;
17.8191, 17.0939;
18.1209, 17.7168;
18.4272, 18.5054;
18.7129, 19.4635;
18.5641, 19.6055;
18.4142, 19.7463;
18.2633, 19.886;
18.1112, 20.0246;
17.9582, 20.1619;
17.8041, 20.2981;
16.7214, 20.0601;
15.9645, 19.6821;
15.3721, 19.324;
14.9353, 19.0094;
14.6423, 18.7603;
14.4789, 18.5975;
14.4284, 18.5394;
14.0508, 18.28;
13.6014, 18.1904;
13.1531, 18.2851;
12.7785, 18.5489;
12.5381, 18.939;
12.4709, 19.3922;
12.5878, 19.8352;
12.5878, 19.8352;
12.6255, 19.9023;
12.7237, 20.1111;
12.8593, 20.4709;
13.0082, 20.9883;
13.1456, 21.6667;
13.2462, 22.5067;
13.2846, 23.5057;
13.1052, 23.6062;
12.925, 23.7054;
12.744, 23.8031;
12.5623, 23.8995;
12.3799, 23.9945;
12.1968, 24.0881;
11.2073, 23.5883;
10.5682, 23.034;
10.0835, 22.5398;
9.73867, 22.1264;
9.5168, 21.8123;
9.39898, 21.6139;
9.36456, 21.5452;
9.06329, 21.1999;
8.65034, 21.0014;
8.19258, 20.9817;
7.7641, 21.144;
7.43427, 21.4621;
7.25649, 21.8843;
7.25952, 22.3425;
7.25953, 22.3425;
7.27931, 22.4168;
7.3225, 22.6435;
7.36438, 23.0258;
7.37999, 23.5639;
7.34434, 24.2551;
7.23285, 25.0938;
7.02159, 26.071;
6.8228, 26.1237;
6.62361, 26.1749;
6.42405, 26.2246;
6.2241, 26.2728;
6.0238, 26.3195;
5.82315, 26.3646;
4.98902, 25.6344;
4.50784, 24.9385;
4.16129, 24.3394;
3.9301, 23.8532;
3.7933, 23.4938;
3.72853, 23.2723;
3.71229, 23.1971;
3.50633, 22.7879;
3.15574, 22.4929;
2.71726, 22.3599;
2.26188, 22.4106;
1.86332, 22.6366;
1.5861, 23.0014;
1.47509, 23.446;
1.4751, 23.446;
1.47578, 23.5229;
1.46124, 23.7531;
1.40675, 24.1338;
1.28803, 24.6589;
1.0816, 25.3196;
0.765053, 26.1041;
0.317395, 26.9981;
0.111739, 26.9998;
-0.0939233, 26.9998;
-0.29958, 26.9983;
-0.505219, 26.9953;
-0.710829, 26.9906;
-0.916398, 26.9844;
-1.54273, 26.0697;
-1.83575, 25.2761;
-2.0224, 24.6096;
-2.12541, 24.0812;
-2.16854, 23.699;
-2.17621, 23.4684;
-2.17323, 23.3916;
-2.27093, 22.9439;
-2.53716, 22.571;
-2.9288, 22.3332;
-3.38247, 22.269;
-3.82472, 22.3888;
-4.18395, 22.6732;
-4.40202, 23.0762;
-4.40202, 23.0762;
-4.42049, 23.1509;
-4.49183, 23.3703;
-4.63928, 23.7254;
-4.88486, 24.2045;
-5.24911, 24.7931;
-5.75082, 25.4743;
-6.40674, 26.2289;
-6.60634, 26.1793;
-6.80556, 26.1282;
-7.00438, 26.0756;
-7.2028, 26.0215;
-7.4008, 25.9659;
-7.59837, 25.9088;
-7.97754, 24.8671;
-8.06399, 24.0255;
-8.07901, 23.3335;
-8.04738, 22.796;
-7.99412, 22.4152;
-7.9442, 22.1899;
-7.9222, 22.1162;
-7.90551, 21.6583;
-8.07063, 21.2309;
-8.39084, 20.9032;
-8.81429, 20.7282;
-9.27243, 20.7343;
-9.69111, 20.9204;
-10.0025, 21.2565;
-10.0025, 21.2565;
-10.039, 21.3242;
-10.1627, 21.519;
-10.3938, 21.8263;
-10.7508, 22.2293;
-11.25, 22.7088;
-11.9053, 23.2438;
-12.7283, 23.8116;
-12.9093, 23.7139;
-13.0896, 23.6149;
-13.2691, 23.5145;
-13.4478, 23.4127;
-13.6257, 23.3096;
-13.8029, 23.2052;
-13.9111, 22.1019;
-13.7855, 21.2652;
-13.628, 20.5912;
-13.4637, 20.0786;
-13.3174, 19.7229;
-13.213, 19.5172;
-13.1734, 19.4512;
-13.0434, 19.0119;
-13.097, 18.5569;
-13.3256, 18.1598;
-13.6923, 17.885;
-14.1375, 17.7769;
-14.5893, 17.8531;
-14.9746, 18.1011;
-14.9746, 18.1011;
-15.0267, 18.1577;
-15.1949, 18.3156;
-15.4953, 18.5558;
-15.9413, 18.8573;
-16.544, 19.1976;
-17.3118, 19.5528;
-18.2501, 19.8981;
-18.4012, 19.7585;
-18.5511, 19.6177;
-18.7, 19.4759;
-18.8478, 19.3329;
-18.9945, 19.1887;
-19.1401, 19.0435;
-18.9706, 17.948;
-18.6409, 17.1688;
-18.3207, 16.5552;
-18.034, 16.0995;
-17.8039, 15.7914;
-17.6516, 15.618;
-17.5969, 15.564;
-17.3616, 15.1708;
-17.3004, 14.7168;
-17.4231, 14.2753;
-17.7099, 13.918;
-18.1143, 13.7026;
-18.5709, 13.664;
-19.0057, 13.8084;
-19.0057, 13.8084;
-19.0703, 13.8502;
-19.2725, 13.9613;
-19.6231, 14.1193;
-20.13, 14.3004;
-20.7985, 14.4801;
-21.6305, 14.6333;
-22.6252, 14.7343;
-22.7368, 14.5615;
-22.847, 14.3879;
-22.956, 14.2135;
-23.0636, 14.0382;
-23.1698, 13.8621;
-23.2747, 13.6852;
-22.838, 12.6663;
-22.325, 11.9936;
-21.8622, 11.4789;
-21.4712, 11.1088;
-21.1717, 10.8676;
-20.9811, 10.7376;
-20.9146, 10.6989;
-20.589, 10.3766;
-20.4168, 9.95196;
-20.4259, 9.49387;
-20.6148, 9.07643;
-20.9529, 8.76722;
-21.3855, 8.6163;
-21.8426, 8.6481;
-21.8426, 8.6481;
-21.9155, 8.67252;
-22.139, 8.72985;
-22.5179, 8.79565;
-23.054, 8.84501;
-23.7461, 8.85285;
-24.5901, 8.79423;
-25.5787, 8.64474;
-25.6438, 8.44966;
-25.7074, 8.25408;
-25.7695, 8.05803;
-25.8302, 7.86151;
-25.8893, 7.66453;
-25.9469, 7.46711;
-25.2705, 6.58877;
-24.6063, 6.06485;
-24.03, 5.68136;
-23.5593, 5.4201;
-23.2092, 5.26101;
-22.9923, 5.18245;
-22.9183, 5.16153;
-22.5227, 4.93028;
-22.2503, 4.56185;
-22.1452, 4.11589;
-22.2243, 3.66459;
-22.4749, 3.28101;
-22.8564, 3.02724;
-23.3071, 2.94437;
-23.3071, 2.94437;
-23.3838, 2.94988;
-23.6145, 2.94983;
-23.9979, 2.91935;
-24.5294, 2.83383;
-25.2017, 2.66929;
-26.0046, 2.40264;
-26.9249, 2.012;
-26.9395, 1.80685;
-26.9525, 1.6016;
-26.9639, 1.39625;
-26.9737, 1.19083;
-26.982, 0.985331;
-26.9887, 0.779778;
-26.1152, 0.0972495;
-25.3415, -0.245025;
-24.688, -0.473159;
-24.1671, -0.609149;
-23.7884, -0.67618;
-23.5588, -0.698315;
-23.4819, -0.700172;
-23.0412, -0.825791;
-22.6858, -1.1149;
-22.4731, -1.52071;
-22.4375, -1.97751;
-22.5848, -2.41137;
-22.8912, -2.75203;
-23.3071, -2.94437;
-23.3071, -2.94437;
-23.3827, -2.95811;
-23.6062, -3.01554;
-23.9699, -3.14039;
-24.4635, -3.3554;
-25.0738, -3.68198;
-25.7851, -4.13993;
-26.5794, -4.74717;
-26.5425, -4.94949;
-26.504, -5.15152;
-26.464, -5.35326;
-26.4224, -5.55468;
-26.3794, -5.75578;
-26.3348, -5.95655;
-25.3189, -6.40038;
-24.4844, -6.5395;
-23.7947, -6.59795;
-23.2564, -6.60012;
-22.8729, -6.57088;
-22.645, -6.5352;
-22.57, -6.51788;
-22.112, -6.52997;
-21.6958, -6.7216;
-21.3888, -7.06175;
-21.2408, -7.49536;
-21.2756, -7.95222;
-21.4876, -8.35838;
-21.8426, -8.6481;
-21.8426, -8.6481;
-21.9125, -8.68023;
-22.1147, -8.79143;
-22.4359, -9.00281;
-22.8605, -9.33381;
-23.3704, -9.8019;
-23.9455, -10.4224;
-24.5638, -11.2081;
-24.4777, -11.3948;
-24.3902, -11.581;
-24.3013, -11.7664;
-24.2109, -11.9512;
-24.1192, -12.1352;
-24.0261, -12.3186;
-22.9317, -12.4959;
-22.0889, -12.4231;
-21.4063, -12.3082;
-20.8843, -12.1764;
-20.5202, -12.0527;
-20.3083, -11.9615;
-20.24, -11.926;
-19.7934, -11.8239;
-19.3426, -11.906;
-18.9607, -12.1591;
-18.7094, -12.5422;
-18.6295, -12.9934;
-18.7339, -13.4395;
-19.0057, -13.8084;
-19.0057, -13.8084;
-19.0654, -13.8569;
-19.2335, -14.0149;
-19.4921, -14.2995;
-19.821, -14.7257;
-20.1985, -15.3059;
-20.6012, -16.0499;
-21.0047, -16.9647;
-20.8749, -17.1242;
-20.7439, -17.2827;
